66
80
81
261
271
324
443
448
457
465
563
614
631
636
664
684
695
832
853
854
989
990
992
993
994
995
1080
1100
1129
1131
1184
1241
1352
1433
1434
1521
1944
2052
2053
2077
2078
2082
2083
2086
2087
2089
2095
2096
2221
2252
2301
2376
2381
2478
2479
2482
2484
2679
2762
3000
3001
3002
3003
3004
3005
3006
3007
3010
3011
3012
3013
3014
3015
3016
3017
3018
3019
3020
3021
3022
3023
3024
3025
3026
3027
3028
3029
3030
3031
3032
3033
3034
3077
3078
3128
3183
3191
3220
3269
3306
3410
3424
3471
3496
3509
3529
3535
3539
3660
3713
3747
3766
3864
3885
3896
3995
4000
4001
4002
4031
4036
4062
4064
4081
4083
4100
4116
4335
4336
4536
4590
4740
4843
4849
5000
5001
5002
5003
5004
5005
5006
5007
5061
5321
5349
5432
5443
5671
5783
5800
5801
5802
5868
5986
5989
5990
6209
6251
6346
6347
6443
6513
6514
6619
6697
6771
7001
7002
7080
7081
7082
7083
7084
7085
7086
7087
7088
7089
7202
7443
7673
7674
7677
7775
8000
8001
8002
8003
8004
8005
8006
8007
8008
8009
8010
8080
8081
8082
8083
8084
8085
8086
8087
8088
8089
8090
8091
8092
8093
8094
8095
8096
8097
8098
8099
8100
8101
8102
8103
8104
8105
8106
8107
8108
8109
8110
8111
8112
8113
8114
8115
8116
8117
8118
8119
8120
8243
8443
8444
8445
8446
8880
8881
8882
8883
8884
8885
8886
8887
8888
8889
8989
8991
9089
9090
9091
9092
9093
9094
9095
9096
9097
9098
9099
9191
9192
9193
9194
9195
9196
9197
9198
9199
9292
9295
9318
9443
9444
9614
9802
10161
10162
11751
12013
12109
14143
15002
16993
16995
20003
30821
36611
41230
